2.6140
2.6080
2.6080
2.6120
2.6070
2.6130
2.6080
2.6100
2.6180
2.6160
2.6130
2.6140
2.6180
2.6090
2.6060
2.6180
2.6080
2.6080
2.6110
2.6170
2.6150
2.6160
2.6140
2.6100
2.6110
2.6390
2.6350
2.6250
2.6200
2.6160
2.6220
2.6230
2.6270
2.6150
2.6290
2.6320
2.6140
2.6150
2.6210
2.6290
2.6290
2.6230
2.6330
2.6130
2.6250
2.6150
2.6120
2.6070
2.6150
2.6110
2.6160
2.6180
2.6140
2.6170
2.6060
2.6110
2.6100
2.6170
2.6170
2.6170
2.6100
2.6120
2.6120
2.6150
2.6390
2.6310
2.6200
2.6100
2.6040
2.6060
2.6180
2.6190
2.6160
2.6180
2.6320
3.0230
3.0480
3.0460
2.6390
3.0440
3.0630
3.0589
3.0400
3.0600
2.6660
2.6020
3.0690
3.0520
3.0770
3.0670
3.0690
3.0860
3.0850
3.1203
3.0560
3.0870
3.0680
3.0550
3.0880
2.8230
2.7730
2.9540
2.7840
2.6840
2.6770
2.7290
2.7240
2.6770
2.6950
2.6890
2.7100
2.6740
2.7190
2.6700
2.7170
2.7940
3.0270
2.6050
2.6770
3.2820
3.3020
3.2590
3.2540
3.1260
3.2780
3.1550
3.3610
3.2950
3.2940
3.3610
3.3130
3.3490
3.3110
3.2150
2.9800
2.9820
2.9950
2.9950
2.9990
2.9960
2.9990
3.0470
2.9940
2.9950
2.9920
2.9970
2.9730
2.9640
3.1840
3.4000
3.3960
3.3340
3.2300
3.1920
3.1200
3.2450
3.3910
3.2290
3.6560
3.5170
3.3830
3.4110
2.7730
3.4940
2.9470
3.1740
3.0410
3.0360
3.0390
2.9540
3.1330
3.1920
3.0960
3.3040
2.9180
2.9100
3.1340
2.8570
2.9000
2.8870
2.8820
2.8190
2.8100
2.9930
2.7590
3.1030
3.7830
3.1058
3.0040
3.2790
3.0820
3.2210
3.1160
3.0360
2.9660
3.0820
3.0750
3.0680
2.8360
3.0780
2.8670
3.0390
2.9620
2.8190
2.7737
3.1030
3.0770
3.0590
3.0760
3.2340
2.9410
2.9700
2.8320
3.1640
3.0920
3.0770
2.8830
2.8990
2.8330
3.5370
2.7778
2.7790
2.8620
2.8920
2.9290
2.6020
2.6060
2.6030
2.6040
2.6110
2.6130
2.6120
2.6180
2.6280
2.6430
2.6560
2.6350
2.6310
2.6070
2.5980
2.6360
2.6220
2.6280
2.6210
2.6110
2.6300
2.7690
2.6260
2.6240
2.6460
2.8140
2.8530
2.8030
2.9510
2.8680
2.9110
2.9600
3.0270
3.0970
3.0023
2.9960
2.9990
2.9960
2.9690
2.9840
2.9690
3.0380
3.1090
3.1130
3.0660
3.0900
3.0880
3.0910
3.1170
3.0352
3.0396
3.0340
3.1490
3.1350
3.0150
3.0780
3.1220
3.5030
3.1764
3.1870
3.1980
3.2230
3.2320
3.1600
3.2170
3.1690
3.2050
3.1920
3.1870
3.1560
3.2660
3.1940
3.3320
3.3200
3.2390
3.3110
3.3400
3.3360
3.2390
3.2950
3.1550
2.6540
2.6160
2.6200
2.9760
3.2370
3.2790
3.4043
3.2920
3.0000
3.3040
3.2710
3.2300
3.2810
3.4630
3.4640
3.3820
3.3460
3.2240
3.4730
3.4950
3.3150
3.2700
3.3640
3.3790
3.3600
3.5090
3.5750
3.4310
3.2880
3.0610
3.2660
2.6090
2.6400
3.9120
3.9070
4.2460
3.1554
3.1530
4.3636
4.0700
4.1507
3.9580
3.6200
3.5172
3.5090
4.4998
4.4000
4.4950
3.5580
3.7620
3.1590
2.9030
2.9090
3.7920
3.2630
4.3080
3.3500
3.9230
3.9610
3.3060
3.8070
4.3250
3.1180
3.1430
3.3490
3.0500
3.6340
3.2900
3.1450
2.8320
3.0300
2.9800
3.0120
2.9610
2.9440
2.9830
3.1130
2.8100
2.8370
2.8820
2.9690
2.9840
2.9380
2.9140
3.0240
2.8520
3.6370
3.4470
3.0680
3.0900
3.0740
3.0900
3.0970
3.0640
3.0460
3.0350
3.0860
3.0720
3.0960
3.1540
3.1680
3.1190
2.9730
3.0550
3.0740
3.2090
2.6530
3.1760
3.2082
3.3410
3.1430
3.1310
3.1490
2.6890
3.1520
3.1500
3.1600
3.1740
3.1520
3.1460
3.1690
3.1760
3.1640
3.1630
3.1650
3.1950
3.1630
3.1970
3.2630
3.3090
3.1650
3.1790
3.2520
3.1690
3.2160
3.1510
3.2190
3.1970
3.2660
3.1941
2.8823
3.2410
3.2300
3.1390
3.2250
3.2160
3.2110
3.1960
3.1510
3.1570
3.1850
3.2140
3.2350
3.1680
3.2100
3.2410
3.2228
3.2390
3.2110
3.1780
3.2110
3.2239
3.2170
3.1960
3.2030
3.2130
3.2520
3.3700
3.2480
3.3070
3.2200
3.2030
3.1820
3.1640
3.2190
3.1670
2.9970
3.1510
3.1840
3.4010
3.2280
3.5200
3.2560
3.3350
2.6030
3.4820
2.6940

2.6290
3.4000
3.4080
3.2160
3.3300
3.2740
3.3680
3.2670
3.1660
3.3270
3.2870
3.2870
3.2980
3.3280
3.2060
3.2820
3.2690
3.2660
3.2520
3.2400
3.2360
3.2100
3.2300
3.2130
3.2370
3.2800
3.6920
4.2582
3.2100
3.1290
3.1620
3.0840
2.9910
3.1860
3.2220
3.1740
3.0810
3.1600
3.2660
3.1860
3.2170
3.8330
4.5570
4.5640
4.5440
3.1050
3.1580
3.0690
3.1290
3.0390
3.0370
2.9660
2.7610
3.0820
2.9340
2.9220
2.9180
2.9250
2.9000
2.8260
2.9570
2.9240
2.8860
2.8800
2.8630
2.8160
2.7290
2.7950
2.7750
2.8150
3.0720
2.8200
3.1910
3.0260
3.0410
3.0560
3.1550
3.0010
2.7500
2.7980
3.3750
3.2620
3.2040
3.0700
2.8710
2.8800
4.5720
4.5340
4.3010
3.3400
3.2030
3.0740
3.0140
3.0950
3.1270
2.9390
3.0230
2.9990
2.9170
3.0770
3.2990
3.2400
2.9900
2.9930
2.9970
2.9640
2.9100
3.2760
2.9020
4.6550
2.9080
3.2800
3.2030
3.0840
3.1490
3.1690
3.1630
3.1630
3.1390
3.0430
3.2900
3.2200
3.1100
3.1130
3.0950
3.2650
3.4100
3.1010
3.1140
2.9130
3.1430
4.0590
2.9660
2.9230
3.4773
3.1020
2.9170
3.0990
2.8960
3.1300
2.9740
2.9420
2.8900
4.1150
2.9200
2.9630
2.9760
2.7940
2.8730
2.8620
2.8580
2.8640
3.8510
3.9382
3.1610
3.0840
3.0160
3.0260
2.9860
3.0230
2.9230
3.0850
2.9860
4.5340
2.8070
3.0470
3.0490
3.0270
3.0030
3.0630
3.0840
3.0590
3.0730
3.0020
2.9340
2.9530
3.0740
2.8530
2.8410
3.0800
3.0040
2.9030
2.8570
2.9480
2.8150
2.9260
2.9280
2.9300
2.9000
2.9860
2.9360
2.9149
2.8890
2.8830
2.8460
2.7920
2.7720
2.9690
2.8590
3.0250
2.9780
3.0180
3.0140
3.1740
3.0730
3.1470
3.0730
3.0100
3.0640
3.0600
3.0180
3.0120
2.8350
2.8250
2.7610
3.0790
2.9060
2.9580
2.7810
2.8280
2.7898
2.7440
2.7519
2.8250
2.8057
2.8285
2.9114
2.8609
2.7580
2.7870
2.8054
2.8190
2.8095
2.8250
2.8037
2.8406
2.8241
2.8411
2.8082
2.7904
2.8574
2.8520
2.8225
2.8858
2.8402
2.7815
2.8279
2.8294
2.9077
2.9537
2.9080
2.9620
2.8965
2.9075
2.8728
2.8476
2.8465
2.7410
2.7509
2.7765
2.8193
2.8210
2.8944
2.8611
2.8615
2.9590
2.9969
2.8319
2.9017
2.8199
2.9181
2.9382
2.8450
2.9359
2.8064
2.7500
2.8103
2.7860
2.8313
2.8168
2.8247
2.8250
2.8397
2.9102
2.7833
2.7722
2.7923
2.7492
2.7374
2.7199
2.7430
2.7601
2.7809
2.8040
2.8862
2.9367
2.9317
2.8502
3.0126
2.9863
2.9944
2.9197
2.9620
2.8465
2.9595
3.0860
3.0153
3.0057
2.9820
2.9144
2.9297
3.0050
2.9433
3.3392
3.2046
3.2130
3.2744
3.1029
3.1047
3.2105
3.2509
3.2081
3.1817
3.2522
3.1827
3.1855
3.1997
3.1856
3.2368
3.2245
3.1978
3.1859
3.1743
3.1258
3.1588
3.2182
3.1853
3.1910
3.2106
3.0704
3.2104
3.2616
3.1245
3.2158
3.2468
3.2030
3.1713
3.2486
3.2212
3.2024
3.2178
3.2034
3.2079
3.2035
3.1936
3.1740
3.1276
3.1863
3.1913
3.1879
3.2142
3.1873
3.1887
3.1913
3.1953
3.1916
3.1985
3.1888
3.2064
3.1882
3.2074
3.2297
3.1679
3.1926
3.2104
3.2243
3.2363
3.1751
3.1877
3.0935
3.1405
3.1380
3.0708
3.1246
3.0820
3.1057
3.3149
3.3809
3.1934
3.3043
3.1258
2.9983
3.0053
3.3202
3.3691
2.9795
2.9270
3.0822
2.9305
2.9140
3.2149
3.2359
3.1419
3.2781
2.9580
3.0880
3.1242
3.0778
3.0287
3.0973
2.8601
2.9099
2.9696
3.2162
3.1396
3.0476
3.1574
3.0723
3.0098
2.9670
3.0338
3.1963
2.8132
2.9259
2.8798
2.7926
2.7441
2.7669
2.7363
2.8360
3.0236
2.9395
3.0180
3.0617
2.9602
3.0073
2.9617
3.0259
3.1237
3.0701
3.1201
3.8284
2.9683
2.7360
2.7629
2.8898
2.9043
2.9708
2.9691
3.1526
3.4830
2.9651
2.9236
3.0147
3.0600
3.0652
4.4509
3.3650
3.8210
3.9340
3.4850
3.1150
3.1250
4.4510
3.5020
3.5690
2.7690
2.8760
2.7720
2.7380
2.8100
2.7270
2.7420
2.8010
2.7810
2.7840
2.7360
2.7970
2.8240
2.8760
2.9150
2.9570
2.9510
2.9290
2.9380
2.9050
2.9940
3.0000
2.9930
2.9500
2.9060
2.7960
2.8960
2.8040
2.7740
2.7740
2.7120
2.7310
2.7240
2.7920
2.7630
2.7750
2.7700
2.7760
2.7760
2.7450
2.7420
2.7660
2.7540
2.8840
2.7680
2.9090
2.9530
2.9240
2.9140
2.8150
2.8810
2.7790
2.7610
2.7330
2.9860
3.0230
2.9190
2.9700
3.0120
2.9810
2.9450
2.9760
2.9320
2.9100
2.9370
2.9680
2.9460
2.9600
2.9730
3.0060
2.9320
2.9470
2.9160
2.6230
2.7570
2.7340
2.7540
2.7240
2.7570
2.7540
2.7400
2.7800
2.7460
2.8481
2.8840
2.8346
2.8480
3.4698
3.3864
3.4285
3.4130
3.6979
3.6700
3.6500
3.7703
3.8250
3.9180
3.5247
3.7723
3.7129
3.2759
3.3320
3.5981
3.5194
3.2450
3.2490
3.2836
3.3837
3.4180
3.3819
3.3132
3.3242
3.3416
3.2268
3.1920
3.1820
3.2309
3.1690
3.1700
3.2460
3.1831
3.0868
3.1240
3.1300
3.0815
3.1220
3.0880
3.0720
3.0740
3.1200
3.1370
3.1130
3.0610
3.1190
3.0310
3.0193
3.0300
3.0080
2.9840
3.2050
4.2540
3.0156
3.0650
3.0890
2.9580
2.9680
2.9430
2.9666
2.9820
3.0340
3.8245
3.1561
3.0688
2.9270
2.9410
2.9180
2.8190
2.7980
2.8100
2.8430
2.9005
2.9160
2.9760
2.6240
2.6181
2.6376
2.9220
2.9840
2.9210
2.9056
2.9280
2.9800
2.9770
2.9710
2.9990
2.9470
3.0700
3.0380
2.9650
2.7950
2.9140
3.0080
2.8790
2.9550
2.9250
2.9740
2.9420
3.0020
2.9930
3.0000
2.9850
3.0125
2.8835
2.8510
3.0770
2.9590
2.9530
2.9950
3.1180
3.0140
2.9690
2.9380
2.9080
3.0000
2.9250
2.9470
2.9490
2.9610
2.8990
2.9260
2.7660
2.7680
2.8390
2.9100
2.9839
2.9634
3.2110
3.1778
2.9220
3.3630
2.9810
3.1380
3.1250
3.1540
3.2400
3.3247
3.3540
2.9740
2.8560
2.9090
3.1090
2.9820
2.9920
2.9800
2.9930
3.0010
2.9800
3.0130
3.0120
2.9590
2.9690
2.9840
2.9590
3.0460
3.0030
2.9950
3.0230
3.0320
3.0050
3.0060
2.9800
3.0090
3.0370
3.0110
3.0400
3.0170
3.0180
3.0200
2.9750
3.0180
3.0290
2.9980
3.0890
3.0620
3.0250
3.0700
3.0230
2.9890
2.9550
2.9430
3.0100
3.0400
3.0200
2.9970
3.0000
2.9965
2.9870
2.9240
2.9610
2.9610
2.9213
2.9480
2.8796
2.9150
2.8874
2.9220
2.9030
2.8830
2.8421
3.1225
2.9740
2.9020
2.9770
2.9630
2.8710
2.9050
2.8830
2.9030
2.7800
2.7600
2.7650
2.8010
2.7870
2.9400
2.8440
2.9640
2.9360
2.9120
2.9190
2.8740
2.9180
2.8740
2.9600
2.9590
2.9900
2.7770
2.8300
2.6360
2.9290
3.0000
2.8560
2.9180
3.0250
3.0010
2.9900
2.9560
2.9790
2.9560
3.0190
2.7130
2.6730
2.7190
3.0330
2.9700
2.8810
3.0350
2.8540
2.9580
3.2070
2.9060
2.9960
2.9290
2.9660
2.9860
2.6850
2.6660
2.7080
2.6860
2.7080
2.7030
2.7220
2.7030
2.9260
2.9170
2.9110
2.9450
2.9440
2.9030
2.9060
2.8980
2.9240
2.8960
3.0580
3.0330
3.0230
2.9830
2.9830
2.9990
2.9750
2.9810
2.9750
2.9880
3.0240
2.9770
2.9960
3.0130
2.9860
3.0150
2.9952
2.9569
3.0327
2.9336
2.9338
2.9260
2.9472
2.8876
2.9144
2.9203
2.9400
2.9153
2.9723
2.9278
2.9490
2.9740
2.9758
2.9720
3.0041
2.9533
2.9684
2.9570
2.9734
2.9564
2.9579
2.9099
2.9626
2.9404
2.9653
2.9567
2.9612
2.9917
2.9986
2.9489
2.9838
2.9934
2.9892
2.9610
2.8890
2.9540
2.9521
2.8892
2.8827
2.8644
2.8505
2.8605
2.8333
2.9595
2.7964
2.9195
2.8171
2.7441
2.7190
2.7330
2.7283
2.8204
2.7998
2.7320
2.7403
2.7749
2.7471
2.7706
2.8871
2.8822
2.8548
2.7754
2.8720
2.7933
2.7884
2.8080
2.7851
2.7120
2.7100
2.7332
2.7377
2.7235
2.7190
2.7240
2.7270
2.7160
2.7441
2.7494
2.7352
2.7647
2.8058
2.7224
2.8523
2.8485
2.8625
2.8671
2.8590
2.8758
2.9168
2.9316
3.0640
2.9693
2.9800
3.0208
2.9692
2.9560
3.0406
3.0675
3.0553
3.0372
3.0393
3.0129
3.0216
3.0308
2.8859
3.1070
3.0181
3.0819
2.9985
3.1049
3.1063
3.1332
3.1082
3.0883
3.1571
3.1443
3.0591
2.9700
3.0930
3.0987
3.0971
3.0950
3.1357
3.1609
3.1962
3.1876
3.1820
3.1513
3.1376
3.1534
3.0502
3.0174
2.9736
2.9510
2.9535
3.0059
3.1040
3.1221
3.0692
3.0432
3.0762
3.0405
3.0738
3.0896
3.0476
2.9862
2.7542
2.7893
2.7800
2.7680
2.7648
2.7870
2.8721
2.8086
2.8300
2.8558
2.8903
2.9060
2.7907
2.7871
2.8610
2.9902
2.7945
2.8800
2.8930
2.8801
2.8336
2.7459
2.7010
2.7534
2.7302
2.7365
2.7239
2.7070
2.9431
2.7594
2.7618
2.7364
2.7809
2.7582
2.7783
2.7610
2.8029
3.0468
2.9317
2.9750
3.0300
3.0448
3.0047
3.0380
2.9826
3.0012
3.0024
3.0039
3.0266
3.0336
3.0056
2.9960
2.9813
3.0047
2.9838
2.9921
3.0053
2.9999
2.9996
2.9785
2.9750
2.9939
3.0043
2.9771
2.9885
2.9717
2.9757
2.9587
2.9606
2.9771
2.9155
2.9425
2.9339
2.9205
2.9389
2.9509
2.9347
2.9924
3.0122
3.0351
3.0721
2.9411
2.9132
2.9382
2.8934
2.9377
2.8853
2.8734
2.8900
2.8373
2.8645
2.9002
2.8714
2.8739
2.8063
2.8690
2.8150
2.8540
2.8345
2.7542
2.7438
2.6595
2.7870
2.8011
2.7694
2.7634
2.7948
2.8270
2.8093
2.7922
2.7599
2.7670
2.7915
2.7657
2.7518
2.7616
2.7779
2.7788
2.7857
2.7450
2.8350
2.8695
2.8081
2.8112
2.7923
2.8299
2.7555
2.8060
2.7947
2.7974
2.7916
2.7961
2.8121
2.8225
2.8231
3.0176
2.9800
2.9718
2.9000
2.9328
2.9583
2.9566
2.9376
2.9159
2.8663
2.9027
2.8501
2.8263
2.8864
2.8563
2.8710
2.9109
2.8809
2.8624
2.8598
2.8222
2.8537
2.7968
2.8112
2.8173
2.8417
2.7600
2.7851
2.8203
2.8043
2.8191
2.8149
2.7910
2.7580
2.8225
2.8147
2.8416
2.8854
2.8983
2.9148
2.9513
2.9747
3.0244
2.9669
2.9573
2.9294
2.8469
2.9159
2.9734
2.9670
2.9700
2.9891
2.9815
2.9798
2.9813
2.9676
2.9231
2.9022
2.9653
2.9889
2.9645
2.9690
2.9292
2.9684
2.9045
2.9697
2.6377
2.6517
2.6567
2.6350
2.6375
2.6337
2.6333
2.6549
2.6090
2.6284
2.6304
2.6238
2.6159
2.6433
2.6631
2.8424
2.8357
2.8267
2.9035
2.9171
2.9342
2.9521
2.9896
2.9653
2.9852
2.6648
2.6570
2.6289
2.8602
2.9850
2.9587
2.9743
2.9709
2.9544
2.7108
2.9833
2.9645
2.9440
2.9457
2.6700
2.8815
2.8920
2.8783
2.8894
2.7078
2.6991
2.6614
2.6914
2.6567
3.0640
2.6469
2.6483
2.8485
2.8286
2.8436
2.8541
2.8060
2.8162
2.8154
2.7908
2.7933
2.8455
2.8277
2.8471
2.7965
2.8092
2.7875
2.8058
2.7722
2.8253
2.7468
2.7607
2.9985
3.0249
3.0121
2.9890
3.0188
2.9866
2.9817
2.9921
2.9762
2.9693
2.9793
3.0000
3.0012
2.9553
2.9085
2.9889
2.9509
2.6624
2.9579
2.9246
2.9695
2.9250
2.9382
2.9457
2.9659
2.9847
2.9457
2.9818
2.9829
2.9751
2.9551
2.9700
2.9699
2.9708
2.9580
2.9540
2.9757
2.9453
2.9594
2.9704
2.8999
2.8824
2.9445
2.9213
2.9190
2.9580
2.8834
2.8671
2.8866
2.8623
2.9052
2.8608
2.8945
2.8540
2.8708
2.9018
2.9178
2.9415
2.9260
2.9339
2.9730
2.9913
2.9497
2.9449
2.8946
2.9663
2.9443
2.9129
2.8916
2.8790
2.9861
3.0086
3.0140
2.8892
2.9030
2.9671
2.8885
2.8878
2.8406
2.8623
2.8511
2.8492
2.8250
2.7835
2.7877
2.7580
2.8507
2.8700
2.9083
2.8996
2.8580
2.8597
2.8268
2.7440
2.8791
2.7988
2.8015
2.8293
2.8082
2.7852
2.7818
2.7738
2.7960
2.7601
2.7779
2.7623
2.7915
2.8024
2.8107
2.7752
2.7601
2.7771
2.7631
2.7683
2.8219
2.7891
2.7985
2.7740
2.7841
2.7638
2.8815
2.7963
2.8160
2.8137
2.7980
2.7971
2.7675
2.9825
2.9105
2.6970
2.6604
2.6550
2.7022
2.6615
2.6597
2.8296
2.8632
2.8247
2.9082
2.8459
2.8179
2.9280
3.0777
3.0254
2.9029
3.0047
3.0136
3.0221
3.0173
3.0140
3.0253
3.0553
3.0677
3.1010
3.0133
2.9841
2.9568
2.9661
2.9762
3.0039
3.0058
3.0044
2.9960
2.9860
3.0089
3.0213
3.0183
2.9876
2.9818
2.9789
2.9742
2.9542
2.9687
2.9500
2.9240
2.9047
2.7780
2.8032
2.8763
2.9158
2.8840
2.8693
2.7650
2.8849
2.7982
2.8118
2.7757
2.7623
2.7692
2.7746
2.8048
2.7739
2.7834
2.7856
2.7760
2.8287
2.8337
2.9083
2.9312
2.9426
2.8789
2.9950
2.9758
2.9963
2.9828
2.9476
2.9485
2.9635
2.9290
2.6509
2.7034
2.6525
2.7237
2.6389
2.6204
2.9845
2.9821
3.0006
2.9698
2.9581
2.9818
2.9684
2.9605
2.9159
2.9632
2.9615
2.9789
2.9927
2.9684
2.9571
2.9620
2.9084
2.9697
2.9655
2.9717
2.9751
2.9682
2.9434
2.9509
2.9660
2.9892
2.9735
2.9890
2.9780
2.9927
2.9650
2.9736
2.9895
2.9914
2.9635
2.9631
3.0003
3.0061
3.0035
3.0217
3.0340
3.0251
3.0471
3.0371
3.0380
3.0211
3.0180
3.0763
2.9034
2.7746
2.7446
2.9640
2.7695
2.7951
2.9073
3.0092
3.0001
3.0002
3.0083
2.9285
2.9224
3.0282
3.0950
3.0750
3.1013
3.0583
3.0493
3.0485
2.9479
2.9841
2.9888
2.9934
2.9908
2.9538
2.9643
2.9651
2.9568
2.9435
2.9201
2.9230
2.9315
2.9308
2.9484
2.9675
2.9729
2.9531
2.9963
2.9950
2.9821
2.9680
2.9135
2.9140
2.9261
2.8946
2.6634
2.9140
2.8959
2.9157
2.8861
2.6783
2.6739
2.6754
2.8594
2.8712
2.9053
2.8763
2.8806
2.9582
3.0253
2.9184
2.9088
2.9039
2.9093
2.9429
2.9507
2.9014
2.8602
2.8671
2.9702
2.9700
3.0048
2.8299
2.7402
2.7295
2.6517
2.9221
3.0222
3.0676
3.1016
3.1370
3.1748
3.1388
3.1726
3.2893
3.3156
3.2948
3.3052
3.2590
3.2820
3.2935
3.2832
3.2830
3.2473
2.8930
2.9040
2.8885
2.8339
2.8163
2.8418
2.8697
2.8752
2.8823
2.8946
2.8945
2.9129
2.9032
2.9010
2.9233
2.9215
2.9448
2.9238
2.9278
2.9197
2.9221
2.8475
2.8922
2.9668
2.9633
3.0301
3.0230
3.0174
3.0270
3.0145
3.0215
2.9873
2.9525
2.9381
2.9502
2.9656
2.9542
2.9366
2.9262
2.9409
2.9494
2.9483
2.9557
2.9523
2.9366
2.9527
2.9180
2.9407
2.9284
2.9338
2.9423
2.9400
2.9830
3.0122
3.0186
2.9079
2.8947
2.8930
2.8744
3.0064
3.0685
3.0979
2.9196
2.9342
2.6961
2.6847
2.6485
2.6749
2.6604
2.6595
2.6625
2.6490
2.6440
2.6547
2.6716
2.8872
2.8731
2.9390
2.9560
3.0246
3.0515
3.0103
3.0506
3.0056
2.7947
2.6674
2.6424
2.6510
2.6529
2.6570
2.9081
2.8925
2.8962
2.8900
2.8701
2.8984
2.8538
2.8460
2.8782
2.8758
2.9336
2.9200
2.8879
2.9053
2.9650
2.9986
3.0832
2.9900
2.9320
2.9138
2.9489
2.9299
2.9398
2.9325
2.9200
2.9135
2.9027
2.9132
2.9253
2.9277
2.9391
2.9502
2.9441
2.9171
2.9034
2.8669
2.8458
2.8504
2.8735
2.8580
2.8613
2.8389
2.8783
2.8674