5136.38
434.06
126.60
172557.03
197159.80
86703.53
127360.51
135227.85
84533.23
112855.66
144686.74
126257.27
187206.56
102619.07
115423.85
83809.80
202832.73
164273.71
63210.02
210736.24
200517.74
124973.17
147411.68
11285.57
18537.99
53895.81
43785.83
53751.12
53769.21
53371.32
53986.24
52593.63
79143.65
61220.58
60515.23
54890.53
51544.65
164364.14
41742.13
46136.99
45323.12
28702.23
25772.33
27490.48
42899.62
42881.53
40801.66
32699.20
37745.15
38396.24
40349.52
33585.41
30764.02
29877.81
27779.85
24162.69
30583.16
30745.93
24271.20
33693.93
36515.32
36081.26
36117.43
36931.29
39409.05
37926.01
37835.58
39806.94
39119.68
40494.20
41434.67
43767.74
44816.72
45612.50
40530.37
49410.52
49609.47
52286.17
51490.39
42176.19
52810.66
56735.29
57512.98
58598.13
58634.30
60497.14
61184.41
62486.59
61455.69
63318.54
57874.70
53841.55
57603.41
56482.09
22028.56
32861.98
283007.27
210790.50
190950.33
162555.56
196611.20
301418.66
150221.01
272065.33
192921.69
7903.51
2984.16
223034.61
301906.97
110395.98
217464.17
516025.27
551491.60
425975.86
428670.65
388700.93
322832.29
295052.44
343070.35
295631.19
169898.41
139875.91
150275.27
1663.90
1609.64
1320.27
64512.20
4593.80
212671.43
224119.76
1971.36
62992.99
44153.57
1790.50
2152.22
1935.19
1615.67
2730.96
1247.92
958.55
1935.19
1718.16
12406.89
940.46
361.72
144.69
415.97
434.06
379.80
19677.40
1880.93
1573.47
36135.51
1030.89
1067.06
1048.98
1030.89
58091.73
1356.44
42682.59
1085.15
63698.34
52684.06
1249080.65
168976.03
555343.89
159028.82
157509.61
172665.54
100195.57
113072.69
27852.20
2821.39
82019.30
181256.32
126365.78
9567.41
99417.88
127016.87
145681.46
2206.47
14143.13
119041.02
45684.84
71282.34
149714.61
146404.90
151107.22
33314.12
705.35
14450.59
80861.80
994.72
1247.92
1754.33
2857.56
111770.51
2260.73
140418.48
156460.63
185759.69
123092.25
119149.53
163080.04
705.35
115930.25
183800.39
6203.44
32572.60
45739.10
30384.22
43550.71
60063.08
36.17
434.06
217.03
271.29
361.72
289.37
307.46
343.63
415.97
415.97
415.97
307.46
253.20
289.37
361.72
361.72
506.40
415.97
452.15
506.40
415.97
361.72
379.80
361.72
596.83
12587.75
307.46
343.63
343.63
379.80
470.23
3834.20
1048.98
452.15
452.15
452.15
488.32
578.75
723.43
705.35
1012.81
994.72
578.75
13148.41
19858.26
1519.21
1700.07
2134.13
1718.16
1627.73
1139.41
542.58
795.78
922.38
17917.04
1229.84
18664.59
36895.12
3882.43
21359.38
59158.79
73627.47
62757.87
17416.67
53100.03
41036.78
49736.07
45684.84
42194.27
49283.92
57766.18
51092.51
47366.82
48506.23
39336.71
22932.85
50061.61
57965.13
4810.83
62667.45
57476.81
42121.93
18972.05
62528.79
51418.05
33639.67
71330.56
64023.88
71529.51
66772.93
74477.50
27761.77
58037.47
80373.49
76828.66
91894.17
95963.48
78293.61
90501.56
71800.80
65452.67
4611.89
66610.16
51056.33
366672.38
106471.36
95077.28
85347.09
115044.05
104626.60
368028.82
120940.03
119655.94
125063.60
122875.22
126962.62
129585.06
114031.24
140906.80
148557.11
124050.80
125461.49
120976.20
96723.09
110088.53
60623.75
146857.04
156098.91
116955.12
8988.66
127089.22
108695.92
82670.39
150817.84
119366.56
122513.50
119565.51
172557.03
130037.21
167565.33
188056.59
169934.58
173081.52
132316.03
133455.43
189557.72
186808.67
206377.55
161000.17
221171.77
217319.49
199486.85
115912.17
186844.84
0.00
217.03
307.46
108.52
144.69
162.77
2568.19
160602.28
174329.44
184710.71
150727.41
209235.12
238425.67
229328.49
261268.09
465987.77
225602.80
278630.49
442235.03
224119.76
236020.25
182468.07
224843.20
231969.02
208710.63
238009.69
450301.31
311745.67
353958.03
197732.52
158305.38
185795.86
134468.24
124086.97
152192.37
182992.56
231064.73
384125.22
316429.91
185898.35
279010.30
242368.38
288324.51
170784.61

715385.51
150667.13
456341.99
287601.07
382171.94
323092.73
322470.58
311040.32
135336.36
158956.47
922.38
72.34
90.43
415.97
1423392.14
325436.98
907891.31
790488.78
1175435.10
1897846.98
654915.50
16657.06
757454.13
2055872.01
2236820.87
2568931.22
1669569.27
2177761.55
1833875.59
1334528.16
1161516.13
583919.22
221508.38
1263.02
833.59
1263.02
1161876.99
549666.13
1487761.31
677130.07
856529.37
1011249.27
337984.05
1613457.02
256923.45
98086.10
65904.36
349502.78
828877.66
1137904.88
492148.22
748010.73
469472.81
319257.67
288473.68
321615.31
218552.91
328966.09
16065.61
207084.69
77473.62
265208.86
273772.13
250002.10
262581.78
221988.33
197157.36
360086.89
130116.28
267760.16
145297.77
104906.41
121553.01
420964.43
70350.19
82550.96
32661.69
105714.74
128145.97
133551.69
63378.32
0.00
7173.95
130141.54
48062.11
131682.42
152774.85
164116.77
126857.69
154593.60
151739.17
140068.87
164664.08
133450.65
115844.16
121881.39
134360.03
125064.20
138578.51
121148.84
191473.77
134738.93
194732.36
251012.52
163662.08
132212.89
165960.78
59210.36
22128.10
274529.94
204255.53
173968.32
162601.14
159064.69
144363.14
106472.55
146560.79
155957.66
140321.48
145878.76
146586.05
159317.29
144161.06
150450.89
146358.71
139462.62
130141.54
149036.31
51606.98
168688.90
146308.19
155477.71
134814.71
144388.40
181015.97
188189.92
168562.60
185436.54
210621.15
244141.69
238786.49
225449.00
149406.80
228429.73
168966.76
171038.11
186724.82
195768.04
183289.40
215168.02
300632.35
216026.87
182076.91
189250.86
165783.95
213980.78
208196.15
153936.83
92149.91
240655.75
248410.70
233203.94
229364.36
136456.64
197106.84
262809.12
256468.76
202588.34
243030.23
199355.01
201476.89
237371.90
179070.92
194328.20
78408.26
217062.55
246162.52
204962.82
227318.27
229389.62
242474.50
193418.82
293576.28
228387.62
254447.93
291302.84
262935.42
9144.26
183163.10

231157.85
243585.96
229187.54
208676.10
202714.65
184350.34
175180.82
283067.95
300270.28
217214.11
174094.62
1869.27
246187.78
184072.48
439985.51
333033.01
394087.38
571617.41
874161.13
0.00
858.85
757.81
844934.85
569849.18
601576.24
233279.72
596877.80
261672.40
258110.69
270058.85
366174.64
503414.35
285922.38
181218.05
272155.46
454282.89
511876.58
511506.10
265764.58
428946.72
312395.27
349679.61
406060.80
382821.24
297668.46
340686.91
312976.26
304564.55
303579.39
292035.39
315199.17
310222.87
363598.08
738689.64
944890.22
1477396.13
287564.30
187457.37
275919.26
158483.70
98010.32
178590.97
140043.61
514099.50
262531.25
324949.68
1119565.84
13514.31
1028350.56
2268787.37
495027.90
135471.48
397674.35
428441.51
3210141.14
261015.63
144161.06
65121.29
142165.49
76210.60
59892.39
110766.82
524910.95
342101.49
32585.91
364456.94
195464.91
186497.47
141988.66
201754.75
192307.36
161464.43
162399.06
858.85
104401.20
156892.29
172957.90
162171.72
140927.73
123851.70
72421.54
46959.07
48449.43
28594.76
52238.49
230223.21
467999.28
91619.44
272584.89
38421.06
308555.69
301381.74
343465.55
396461.85
435859.64
553076.28
251921.89
594604.37
482953.44
732475.59
800097.66
722573.51
675664.97
235123.73
7527.60
3028114.75
380724.63
353822.31
17732.80
64161.40
29377.84
88209.29
89068.14
36804.39
170229.78
249800.02
214688.07
69870.24
239089.61
262733.34
300362.90
277460.15
917103.79
7628.64
71941.60
104476.98
90179.60
172528.48
157473.28
342783.52
112636.09
23088.00
160201.41
3921094.87
211429.48
267810.68
687992.04
422606.36
135067.32
79595.50
379209.01
331694.21
236740.39
262960.68
299613.51
188467.78
285669.77
389035.30
244975.28
235982.58
157793.25
130672.01
96014.75
380042.60
558380.97
126908.21
184148.26
162777.97
131354.04
176721.70
358318.66
1683428.31
89287.07
381785.57
98262.92
380573.07
100713.18
57315.83
64565.56
105184.27
326919.99
228404.46
226686.76
137163.93
189528.72
105664.22
43195.27
169320.41
113747.55
103946.51
125493.63
152522.25
2130587.77
368599.64
159595.16
109756.40
90634.29
67470.51
123422.28
118142.85
118142.85
285897.12
3896390.21
5329.94
236058.36
157877.45
193595.64
183466.23
186371.17
231865.14
163914.68
214359.69
265789.84
174726.13
243813.30
246692.99
245480.49
97025.17
196702.67
707013.11
371605.63
203346.16
132667.58
130469.92
109958.49
203725.06
213374.53
126377.74
208575.06
220624.26
177656.34
121780.35
59968.17
86238.98
73305.66
56204.37
177277.43
344955.91
149718.34
51783.80
423844.12
207387.82
110160.57
121325.66
183112.58
174448.27
41780.69
189149.82
287286.44
376177.76
167148.01
121881.39
40896.57
244065.91
245076.32
197132.10
35061.42
18667.43
2248.17
20511.44
33924.71
79494.45
62039.52
198976.11
227823.48
12453.37
31954.40
120264.73
35086.68
113393.90
68758.79
167425.88
92806.68
63353.06
30565.07
21193.47
42917.41
99879.59
165228.22
74366.59
240276.85
11544.00
53779.37
175079.78
125973.58
161363.38
217845.62
138603.77
169219.37
222417.75
195288.09
123674.88
176772.22
162904.27
24906.75
1389.32
2323.96
42033.29
2677.60
176923.79
114328.53
16772.90
161691.77
111221.51
112459.27
31954.40
156639.69
146762.88
170229.78
78736.64
196930.02
2551.30
32055.44
3359.63
36753.87
120542.59
102405.63
115212.65
55092.92
81060.60
103921.25
13564.83
86693.67
21622.90
833.59
6441.40
7628.64
2197.65
111524.63
14575.25
75326.49
53072.08
5430.98
123220.19
156942.82
240226.33
167880.57
212263.07
89825.95
206983.65
120542.59
316083.29
396967.06
164546.19
289686.18
320781.72
113848.59
102254.07
157675.37
330860.61
738285.48
821316.39
401362.37
385498.84
125670.45
294712.99
50167.14
439050.87
293500.49
283573.16
163257.91
142948.56
164773.54
273873.17
299461.95
288978.88
251921.89
239064.35
286629.67
241994.56
266345.57
289307.27
258085.43
282992.17
216102.65
220876.87
217997.18
203421.94
425182.92
530266.15
366250.42
314921.31
442562.07
326768.43
336493.68
352736.11
333083.53
323130.93
294334.09
362713.97
278394.78
229667.48
300724.97
305196.06
227570.87
224539.62
292338.52
264956.25
179677.17
256165.64
277232.80
258742.20
278243.22
364406.42
336468.42
172073.79
277030.72
256569.80
253639.60
314163.50
333462.44
257403.39
293071.07
355489.50
587506.20
347532.47
385599.88
356651.48
317169.48
302973.14
197106.84
199228.71
576720.01
361400.43
537364.32
269604.16
492173.48
639340.52
944561.84
204381.83
303149.96
1099155.44
457768.82
271296.61
462492.52
245354.19
156260.79
642119.17
526931.78
539334.63
689381.36
408005.85
465119.60
1026380.25
174625.09
232319.83
285644.51
226863.58
560502.84
336569.46
6214.06
20713.52
50798.65
215925.83
394213.68
739371.67
42892.15
20865.08
0.00
28670.54
7527.60
8512.75
1591.40
299057.78
406389.19
392142.33
288903.10
339499.67
308985.12
380446.76
413234.75
513366.95
613145.50
2154231.49
8411.71
187457.37
197713.09
296152.84
271018.75
504652.11
1133080.14
4496.35
5961.45
385625.14
511068.25
916750.15
547998.94
676650.12
1051766.94
869361.65
1295832.85
564190.86
14928.89
9598.95
7906.50
61382.75
4496.35
2551.30
2046.09
26548.67
328.39
9270.56
33318.46
15307.80
17606.49
15206.76
12554.41
15408.84
16949.72
16065.61
10937.75
11064.05
21622.90
17934.88
20082.01
833.59
10382.02
15257.28
580.99
30640.86
4218.49
68581.96
11670.30

707.29
44837.20
4951.04
959.89
29150.49
10811.45
20284.09
17909.62
15560.40
29529.40
22658.57
5734.11
2728.12
28948.41
27180.18
29024.19
13438.53
29099.97
33470.02
23113.26
20890.34
16015.09
30615.60
14019.52
17227.59
26169.77
24704.66
20208.31
18298.92
22007.51
22373.48
3318.20
268.38
23007.85
13760.79
66778.87
15322.30
146.39
21373.14
26033.27
10174.20
66705.68
96837.90
1216805.23
1221489.75
933196.31
816180.79
846459.41
781681.22
600058.31
356633.82
371858.53
20080.02
134728.88
201532.15
55335.95
150563.54
309251.81
224686.38
296344.97
199433.87
185868.27
303396.15
191235.95
336261.02
360586.39
217732.79
40452.82
61923.56
143927.13
231908.36
179451.44
368174.34
174522.93
1182720.43
473478.55
333235.60
132069.43
43819.82
34865.55
47626.00
7978.33
146.39
585.57
55531.13
16688.62
18347.72
47064.83
13492.41
10954.96
9930.22
11735.71
13272.82
10052.21
10637.77
13541.20
19396.86
11613.72
28790.31
17298.58
14077.97
16542.23
15053.91
17200.99
14419.55
23642.21
13053.23
10979.35
17688.96
14687.94
13955.98
14077.97
16078.65
13614.40
14614.74
11808.91
13248.42
13224.02
11442.93
11662.51
11247.74
20494.79
15981.06
11345.33
15175.91
6197.24
11491.72
10588.98
10101.01
9979.01
9881.42
8905.48
8295.51
9417.85
6246.03
6392.42
11101.35
10223.00
11467.33
10466.98
10466.98
10491.38
5367.68
8954.27
10174.20
10808.56
10101.01
9905.82
11198.94
7783.14
10710.97
10613.38
10637.77
10832.96
7221.98
8393.11
9100.66
10247.40
11442.93
10418.19
11272.14
9979.01
10101.01
8539.50
4928.51
10954.96
10247.40
9100.66
14273.16
8759.08
7929.53
10735.37
8905.48
9076.27
9515.44
10271.80
9369.05
8710.29
7783.14
10735.37
10101.01
8905.48
12199.28
10491.38
10735.37
11686.91
11686.91
1317.52
8637.09
9003.07
9637.43
10101.01
7612.35
10027.81
17200.99
11882.10
12004.09
17664.56
7075.58
9686.23
9442.24
8637.09
8417.50
8807.88
2879.03
8563.90
8319.91
10271.80
9173.86
8051.53
463.57
10320.59
3562.19
3952.57
780.75
2659.44
2220.27
2561.85
3171.81
2147.07
1244.33
2513.05
69487.11
10906.16
2415.46
1878.69
658.76
2561.85
3806.18
8856.68
2976.62
805.15
2171.47
2293.47
1268.73
14053.57
365.98
43039.07
39135.30
9539.84
8637.09
73195.69
4830.92
1439.52
1707.90
1951.89
1732.30
2561.85
2805.83
3806.18
3903.77
4196.55
4147.76
6490.02
6953.59
6441.22
11101.35
7953.93
8393.11
6904.79
6734.00
6026.45
8075.92
6977.99
5709.26
4660.13
6490.02
8685.89
8027.13
6880.40
9857.02
8515.10
12467.67
9759.43
11882.10
9393.45
7392.77
8588.29
11150.14
2952.23
6172.84
11442.93
8978.67
7417.16
7783.14
5245.69
6441.22
8563.90
6050.84
6246.03
6490.02
7953.93
7490.36
5758.06
5465.28
5270.09
5514.08
7124.38
7514.76
3464.60
3830.57
5392.08
5904.45
5831.26
6538.82
18128.13
8978.67
7368.37
12833.65
6172.84
12492.07
20348.40
7685.55
15639.48
18006.14
8344.31
4952.91
15663.88
9173.86
21836.72
17225.39
2513.05
9442.24
5562.87
4245.35
6368.03
9417.85
9930.22
9393.45
5953.25
13907.18
1146.73
10588.98
8124.72
3952.57
4147.76
5221.29
3757.38
1512.71
2561.85
2415.46
1317.52
12321.28
7197.58
9247.06
9442.24
11711.31
14077.97
6343.63
5221.29
7368.37
5880.05
6172.84
6026.45
5684.87
5367.68
13858.38
3220.61
6002.05
4050.16
3049.82
585.57
20689.98
12760.45
11808.91
7612.35
17127.79
13394.81
1024.74
11442.93
9686.23
3976.97
5709.26
7099.98
6782.80
6319.23
5318.89
2537.45
5758.06
5636.07
6197.24
6904.79
5636.07
5782.46
5489.68
5050.50
5489.68
5562.87
5294.49
5465.28
5343.29
6124.04
4489.34
4782.12
5831.26
5172.50
4269.75
4684.52
4172.15
5758.06
4684.52
3440.20
5538.47
5782.46
5392.08
6075.24
5221.29
5684.87
4391.74
4562.53
3854.97
4172.15
3854.97
8173.52
7026.79
9247.06
9564.24
8832.28
9149.46
10369.39
7075.58
7124.38
7880.74
13248.42
8905.48
8807.88
9783.82
14248.76
9857.02
11467.33
11125.75
16444.63
10515.78
11662.51
4416.14
14175.57
-48.80
1244.33
8368.71
5465.28
19884.83
16029.86
36841.83
35304.72
5562.87
23837.40
2293.47
12321.28
829.55
9905.82
24984.13
11833.30
24422.96
15224.70
2976.62
7807.54
4025.76
2366.66
2415.46
2513.05
2732.64
2879.03
2659.44
3074.22
2879.03
3976.97
3610.99
3757.38
3001.02
3391.40
4782.12
1781.10
4489.34
1976.28
3513.39
3049.82
7905.14
5050.50
8978.67
9344.65
11028.15
12126.09
6392.42
7709.95
8954.27
8466.30
10296.19
7197.58
7807.54
1244.33
1439.52
1000.34
1390.72
1366.32
536.77
195.19
121.99
1097.94
268.38
829.55
1000.34
1171.13
1146.73
975.94
902.75
975.94
951.54
243.99
1219.93
1000.34
341.58
1049.14
780.75
731.96
853.95
1000.34
1049.14
1122.33
1171.13
1146.73
1000.34
780.75
805.15
658.76
975.94
902.75
853.95
268.38
609.96
292.78
390.38
146.39
121.99
0.00
1122.33
463.57
1171.13
439.17
902.75
878.35
951.54
1146.73
805.15
1024.74
902.75
1244.33
1537.11
731.96
3098.62
683.16
22251.49
683.16
1537.11
902.75
829.55
1634.70
2537.45
140901.71
829.55
927.15
4342.94
17298.58
780.75
927.15
902.75
2195.87
2830.23
1122.33
1244.33
40452.82
49699.88
11589.32
48113.97
2171.47
17713.36
6977.99
2854.63
1366.32
1317.52
2098.28
1512.71
1659.10
1024.74
5855.66
7002.39
707.56
2195.87
1976.28
8197.92
9686.23
4245.35
5928.85
10857.36
12296.88
4904.11
12321.28
1683.50
1903.09
1268.73
1268.73
1049.14
1024.74
1390.72
975.94
1049.14
1097.94
780.75
780.75
756.36
1122.33
4611.33
1122.33
902.75
1293.12
1171.13
1097.94
32010.92
1122.33
780.75
829.55
658.76
731.96
927.15
1439.52
1000.34
1146.73
805.15
2757.04
658.76
707.56
853.95
927.15
1049.14
731.96
561.17
902.75
609.96
634.36
634.36
585.57
365.98
463.57
390.38
439.17
634.36
683.16
902.75
1097.94
1268.73
829.55
756.36
634.36
927.15
1024.74
731.96
1415.12

1024.74
1146.73
1512.71
11174.54
1390.72
1000.34
780.75
1171.13
1219.93
951.54
1000.34
707.56
658.76
829.55
1000.34
1366.32
853.95
1293.12
951.54
853.95
1463.91
805.15
609.96
829.55
609.96
1122.33
707.56
3123.02
585.57
658.76
1927.49
707.56
1000.34
975.94
1415.12
683.16
658.76
1000.34
707.56
805.15
951.54
707.56
951.54
853.95
829.55
829.55
1146.73
853.95
805.15
683.16
731.96
878.35
902.75
780.75
683.16
756.36
487.97
731.96
707.56
683.16
1219.93
878.35
1219.93
561.17
683.16
634.36
1415.12
585.57
878.35
390.38
658.76
805.15
373639.62
4586.93
609.96
609.96
585.57
975.94
756.36
16542.23
16664.22
2025.08
707.56
780.75
878.35
1097.94
951.54
1293.12
1097.94
2025.08
609.96
658.76
805.15
902.75
634.36
951.54
1146.73
1000.34
3830.57
2415.46
4367.34
853.95
707.56
1097.94
731.96
707.56
1049.14
1341.92
1049.14
1171.13
1024.74
1097.94
1073.54
1317.52
951.54
1146.73
1219.93
1219.93
853.95
927.15
1122.33
853.95
1195.53
634.36
561.17
634.36
805.15
658.76
878.35
829.55
609.96
341.58
414.78
561.17
463.57
878.35
1097.94
658.76
683.16
1195.53
1097.94
1024.74
512.37
439.17
707.56
609.96
1049.14
1122.33
1268.73
609.96
731.96
1122.33
1171.13
634.36
829.55
1415.12
10515.78
1634.70
2342.26
707.56
902.75
4562.53
683.16
28326.73
187624.96
3220.61
1073.54
1146.73
1219.93
390.38
463.57
268.38
536.77
805.15
975.94
1415.12
1122.33
1024.74
1024.74
1317.52
1073.54
1439.52
1219.93
1439.52
951.54
1049.14
1000.34
1049.14
1024.74
1390.72
1049.14
756.36
805.15
1024.74
1122.33
707.56
829.55
927.15
1244.33
1024.74
951.54
878.35
902.75
975.94
1000.34
1097.94
1049.14
1049.14
1488.31
1146.73
1195.53
1341.92
1585.91
1878.69
1000.34
1146.73
951.54
317.18
634.36
609.96
1000.34
317.18
463.57
1171.13
1415.12
1390.72
2586.25
1171.13
683.16
829.55
1024.74
1366.32
1756.70
1707.90
1610.31
1659.10
1951.89
3903.77
3830.57
3391.40
3781.78
3269.41
3196.21
2781.44
3171.81
2513.05
2244.67
2098.28
2220.27
2439.86
2659.44
2391.06
2805.83
5318.89
5318.89
5221.29
6221.63
7124.38
8734.69
8417.50
7002.39
10149.80
2025.08
67388.84
2586.25
2415.46
2976.62
3903.77
1512.71
1488.31
1415.12
1756.70
1488.31
5416.48
3976.97
3123.02
951.54
951.54
4855.31
5270.09
4464.94
5245.69
6807.20
11442.93
1366.32
902.75
2439.86
1805.49
8222.32
2561.85
487.97
243.99
64192.62
13833.99
10613.38
16298.24
21153.56
12418.87

6856.00
5636.07
4318.55
5001.71
5294.49
5392.08
4611.33
4782.12
1366.32
4342.94
7514.76
4538.13
2732.64
2683.84
3123.02
2830.23
4318.55
2391.06
2952.23
2732.64
2976.62
3001.02
2439.86
3488.99
2635.05
3196.21
5221.29
4952.91
4806.52
3903.77
5611.67
16054.26
1000.34
2073.88
3879.37
7368.37
24398.56
33108.85
32864.87
22568.67
7636.75
17420.58
19152.87
19982.42
29302.68
52944.89
15737.07
70877.83
4733.32
4342.94
8222.32
6929.19
6099.64
11613.72
1512.71
2659.44
414.78
36378.26
8149.12
13785.19
21665.93
21739.12
13541.20
7831.94
9076.27
6514.42
6660.81
7368.37
341.58
7709.95
12882.44
5465.28
6563.21
4879.71
7807.54
5611.67
5172.50
9930.22
4977.31
8490.70
9100.66
7026.79
13663.20
13224.02
19250.47
18884.49
27887.56
25545.30
30498.21
39428.08
26789.62
35158.33
36427.06
36719.84
49382.70
52920.49
2220.27
26496.84
30864.18
28887.90
28936.70
25642.89
25447.70
26716.43